13	 11	 13	 16	 20	 20	 29	 37
11	 14	 14	 14	 16	 20	 26	 32
13	 14	 15	 17	 20	 23	 35	 40
16	 14	 17	 21	 23	 30	 40	 50
20	 16	 20	 23	 30	 37	 50	 59
20	 20	 23	 30	 37	 48	 59	 59
29	 26	 35	 40	 50	 59	 59	 59
37	 32	 40	 50	 59	 59	 59	 59
12	 8	 8	 12	 17	 21	 24	 23
8	 9	 9	 11	 15	 19	 18	 23
8	 9	 10	 12	 19	 20	 27	 36
12	 11	 12	 21	 20	 28	 36	 53
17	 15	 19	 20	 30	 39	 51	 59
21	 19	 20	 28	 39	 51	 59	 59
24	 18	 27	 36	 51	 59	 59	 59
23	 23	 36	 53	 59	 59	 59	 59
