13	 9	 8	 13	 19	 32	 41	 49
9	 9	 11	 15	 21	 47	 49	 45
11	 10	 13	 19	 32	 46	 56	 45
11	 13	 18	 23	 41	 71	 65	 50
14	 18	 30	 45	 55	 89	 84	 63
19	 28	 45	 52	 66	 85	 92	 75
40	 52	 63	 71	 84	 99	 98	 82
58	 75	 77	 80	 91	 81	 84	 81
13	 14	 19	 38	 81	 81	 81	 81
14	 17	 21	 54	 81	 81	 81	 81
19	 21	 45	 81	 81	 81	 81	 81
38	 54	 81	 81	 81	 81	 81	 81
81	 81	 81	 81	 81	 81	 81	 81
81	 81	 81	 81	 81	 81	 81	 81
81	 81	 81	 81	 81	 81	 81	 81
81	 81	 81	 81	 81	 81	 81	 81
