14	 9	 8	 14	 21	 35	 45	 54
10	 10	 12	 17	 23	 52	 53	 49
12	 11	 14	 21	 35	 51	 62	 50
12	 15	 19	 26	 45	 78	 71	 55
16	 19	 33	 50	 61	 98	 92	 69
21	 31	 49	 57	 72	 93	 101	 82
44	 57	 70	 78	 92	 108	 107	 90
64	 82	 85	 88	 100	 89	 92	 89
15	 16	 21	 42	 89	 89	 89	 89
16	 18	 23	 59	 89	 89	 89	 89
21	 23	 50	 89	 89	 89	 89	 89
42	 59	 89	 89	 89	 89	 89	 89
89	 89	 89	 89	 89	 89	 89	 89
89	 89	 89	 89	 89	 89	 89	 89
89	 89	 89	 89	 89	 89	 89	 89
89	 89	 89	 89	 89	 89	 89	 89
