14	 9	 8	 14	 21	 35	 44	 53
10	 10	 12	 16	 22	 51	 52	 48
12	 11	 14	 21	 35	 50	 60	 49
12	 14	 19	 25	 44	 76	 70	 54
15	 19	 32	 49	 59	 95	 90	 67
21	 30	 48	 56	 71	 91	 99	 80
43	 56	 68	 76	 90	 106	 105	 88
63	 80	 83	 86	 98	 88	 90	 87
14	 15	 21	 41	 87	 87	 87	 87
15	 18	 22	 58	 87	 87	 87	 87
21	 22	 49	 87	 87	 87	 87	 87
41	 58	 87	 87	 87	 87	 87	 87
87	 87	 87	 87	 87	 87	 87	 87
87	 87	 87	 87	 87	 87	 87	 87
87	 87	 87	 87	 87	 87	 87	 87
87	 87	 87	 87	 87	 87	 87	 87
