14	 9	 8	 14	 21	 35	 45	 54
10	 10	 12	 16	 23	 51	 53	 48
12	 11	 14	 21	 35	 50	 61	 49
12	 15	 19	 25	 45	 77	 70	 55
15	 19	 32	 49	 60	 96	 91	 68
21	 31	 48	 56	 71	 92	 100	 81
43	 56	 69	 77	 91	 107	 106	 89
63	 81	 84	 86	 99	 88	 91	 87
15	 15	 21	 41	 87	 87	 87	 87
15	 18	 23	 58	 87	 87	 87	 87
21	 23	 49	 87	 87	 87	 87	 87
41	 58	 87	 87	 87	 87	 87	 87
87	 87	 87	 87	 87	 87	 87	 87
87	 87	 87	 87	 87	 87	 87	 87
87	 87	 87	 87	 87	 87	 87	 87
87	 87	 87	 87	 87	 87	 87	 87
