9	 6	 6	 9	 14	 24	 31	 37
7	 7	 8	 11	 16	 36	 37	 34
8	 8	 9	 14	 24	 35	 42	 34
8	 10	 13	 18	 31	 54	 49	 38
11	 13	 22	 34	 42	 67	 64	 47
14	 21	 34	 39	 50	 64	 70	 57
30	 39	 48	 54	 64	 75	 74	 62
44	 57	 59	 60	 69	 62	 64	 61
10	 11	 14	 29	 61	 61	 61	 61
11	 13	 16	 41	 61	 61	 61	 61
14	 16	 34	 61	 61	 61	 61	 61
29	 41	 61	 61	 61	 61	 61	 61
61	 61	 61	 61	 61	 61	 61	 61
61	 61	 61	 61	 61	 61	 61	 61
61	 61	 61	 61	 61	 61	 61	 61
61	 61	 61	 61	 61	 61	 61	 61
