11	 7	 6	 11	 16	 27	 35	 42
8	 8	 9	 13	 18	 40	 41	 38
9	 9	 11	 16	 27	 39	 48	 39
9	 11	 15	 20	 35	 60	 55	 43
12	 15	 25	 39	 47	 75	 71	 53
16	 24	 38	 44	 56	 72	 78	 64
34	 44	 54	 60	 71	 84	 83	 70
50	 64	 66	 68	 78	 69	 71	 69
11	 12	 16	 32	 69	 69	 69	 69
12	 14	 18	 46	 69	 69	 69	 69
16	 18	 39	 69	 69	 69	 69	 69
32	 46	 69	 69	 69	 69	 69	 69
69	 69	 69	 69	 69	 69	 69	 69
69	 69	 69	 69	 69	 69	 69	 69
69	 69	 69	 69	 69	 69	 69	 69
69	 69	 69	 69	 69	 69	 69	 69
