11	 8	 7	 11	 17	 29	 37	 44
8	 8	 10	 13	 18	 42	 43	 40
10	 9	 11	 17	 29	 41	 50	 40
10	 12	 16	 21	 37	 63	 58	 45
13	 16	 26	 40	 49	 79	 75	 56
17	 25	 40	 46	 59	 75	 82	 67
35	 46	 56	 63	 75	 88	 87	 73
52	 67	 69	 71	 81	 72	 75	 72
12	 13	 17	 34	 72	 72	 72	 72
13	 15	 18	 48	 72	 72	 72	 72
17	 18	 40	 72	 72	 72	 72	 72
34	 48	 72	 72	 72	 72	 72	 72
72	 72	 72	 72	 72	 72	 72	 72
72	 72	 72	 72	 72	 72	 72	 72
72	 72	 72	 72	 72	 72	 72	 72
72	 72	 72	 72	 72	 72	 72	 72
