14	 9	 8	 14	 21	 35	 45	 54
10	 10	 12	 16	 23	 51	 53	 49
12	 11	 14	 21	 35	 50	 61	 50
12	 15	 19	 25	 45	 77	 71	 55
16	 19	 33	 50	 60	 97	 92	 68
21	 31	 49	 57	 72	 92	 100	 82
43	 57	 69	 77	 92	 108	 107	 90
64	 82	 84	 87	 100	 89	 92	 88
15	 16	 21	 41	 88	 88	 88	 88
16	 18	 23	 58	 88	 88	 88	 88
21	 23	 50	 88	 88	 88	 88	 88
41	 58	 88	 88	 88	 88	 88	 88
88	 88	 88	 88	 88	 88	 88	 88
88	 88	 88	 88	 88	 88	 88	 88
88	 88	 88	 88	 88	 88	 88	 88
88	 88	 88	 88	 88	 88	 88	 88
