11	 7	 6	 11	 16	 27	 35	 42
8	 8	 9	 13	 17	 40	 41	 38
9	 8	 11	 16	 27	 39	 47	 38
9	 11	 15	 20	 35	 60	 55	 42
12	 15	 25	 38	 47	 75	 71	 53
16	 24	 38	 44	 56	 71	 78	 63
33	 44	 53	 60	 71	 83	 82	 69
49	 63	 65	 67	 77	 69	 71	 68
11	 12	 16	 32	 68	 68	 68	 68
12	 14	 17	 45	 68	 68	 68	 68
16	 17	 38	 68	 68	 68	 68	 68
32	 45	 68	 68	 68	 68	 68	 68
68	 68	 68	 68	 68	 68	 68	 68
68	 68	 68	 68	 68	 68	 68	 68
68	 68	 68	 68	 68	 68	 68	 68
68	 68	 68	 68	 68	 68	 68	 68
