13	 9	 8	 13	 19	 33	 42	 50
9	 9	 11	 15	 21	 48	 49	 45
11	 10	 13	 19	 33	 47	 57	 46
11	 14	 18	 24	 42	 72	 66	 51
14	 18	 30	 46	 56	 90	 85	 64
19	 29	 45	 53	 67	 86	 94	 76
40	 53	 64	 72	 85	 100	 99	 84
59	 76	 79	 81	 93	 83	 85	 82
14	 14	 19	 39	 82	 82	 82	 82
14	 17	 21	 54	 82	 82	 82	 82
19	 21	 46	 82	 82	 82	 82	 82
39	 54	 82	 82	 82	 82	 82	 82
82	 82	 82	 82	 82	 82	 82	 82
82	 82	 82	 82	 82	 82	 82	 82
82	 82	 82	 82	 82	 82	 82	 82
82	 82	 82	 82	 82	 82	 82	 82
