10	 7	 6	 10	 16	 27	 34	 41
8	 8	 9	 12	 17	 39	 40	 37
9	 8	 10	 16	 27	 38	 46	 37
9	 11	 14	 19	 34	 58	 54	 41
12	 14	 25	 37	 46	 73	 69	 52
16	 23	 37	 43	 54	 70	 76	 62
33	 43	 52	 58	 69	 81	 81	 68
48	 62	 64	 66	 75	 67	 69	 66
11	 12	 16	 31	 66	 66	 66	 66
12	 14	 17	 44	 66	 66	 66	 66
16	 17	 37	 66	 66	 66	 66	 66
31	 44	 66	 66	 66	 66	 66	 66
66	 66	 66	 66	 66	 66	 66	 66
66	 66	 66	 66	 66	 66	 66	 66
66	 66	 66	 66	 66	 66	 66	 66
66	 66	 66	 66	 66	 66	 66	 66
