10	 6	 6	 10	 15	 25	 32	 38
7	 7	 8	 12	 16	 36	 38	 34
8	 8	 10	 15	 25	 36	 43	 35
8	 10	 13	 18	 32	 55	 50	 39
11	 13	 23	 35	 43	 69	 65	 48
15	 22	 34	 40	 51	 65	 71	 58
31	 40	 49	 55	 65	 76	 76	 64
45	 58	 60	 62	 70	 63	 65	 62
10	 11	 15	 29	 62	 62	 62	 62
11	 13	 16	 41	 62	 62	 62	 62
15	 16	 35	 62	 62	 62	 62	 62
29	 41	 62	 62	 62	 62	 62	 62
62	 62	 62	 62	 62	 62	 62	 62
62	 62	 62	 62	 62	 62	 62	 62
62	 62	 62	 62	 62	 62	 62	 62
62	 62	 62	 62	 62	 62	 62	 62
