12	 8	 7	 12	 18	 30	 38	 46
9	 9	 10	 14	 19	 43	 45	 41
10	 9	 12	 18	 30	 43	 52	 42
10	 12	 16	 21	 38	 65	 60	 46
13	 16	 27	 42	 51	 82	 77	 58
18	 26	 41	 48	 61	 78	 85	 69
37	 48	 58	 65	 77	 91	 90	 76
54	 69	 71	 74	 84	 75	 77	 74
12	 13	 18	 35	 74	 74	 74	 74
13	 15	 19	 49	 74	 74	 74	 74
18	 19	 42	 74	 74	 74	 74	 74
35	 49	 74	 74	 74	 74	 74	 74
74	 74	 74	 74	 74	 74	 74	 74
74	 74	 74	 74	 74	 74	 74	 74
74	 74	 74	 74	 74	 74	 74	 74
74	 74	 74	 74	 74	 74	 74	 74
