12	 8	 7	 12	 18	 30	 38	 45
9	 9	 10	 14	 19	 43	 45	 41
10	 9	 12	 18	 30	 42	 51	 42
10	 12	 16	 21	 38	 65	 60	 46
13	 16	 27	 42	 51	 81	 77	 57
18	 26	 41	 48	 60	 78	 84	 69
36	 48	 58	 65	 77	 90	 90	 75
54	 69	 71	 73	 84	 75	 77	 74
12	 13	 18	 35	 74	 74	 74	 74
13	 15	 19	 49	 74	 74	 74	 74
18	 19	 42	 74	 74	 74	 74	 74
35	 49	 74	 74	 74	 74	 74	 74
74	 74	 74	 74	 74	 74	 74	 74
74	 74	 74	 74	 74	 74	 74	 74
74	 74	 74	 74	 74	 74	 74	 74
74	 74	 74	 74	 74	 74	 74	 74
