14	 9	 8	 14	 21	 35	 44	 53
10	 10	 12	 16	 22	 50	 52	 48
12	 11	 14	 21	 35	 49	 60	 49
12	 14	 19	 25	 44	 76	 70	 54
15	 19	 32	 49	 59	 95	 90	 67
21	 30	 48	 56	 71	 91	 99	 80
42	 56	 68	 76	 90	 106	 105	 88
63	 80	 83	 85	 98	 87	 90	 86
14	 15	 21	 41	 86	 86	 86	 86
15	 18	 22	 57	 86	 86	 86	 86
21	 22	 49	 86	 86	 86	 86	 86
41	 57	 86	 86	 86	 86	 86	 86
86	 86	 86	 86	 86	 86	 86	 86
86	 86	 86	 86	 86	 86	 86	 86
86	 86	 86	 86	 86	 86	 86	 86
86	 86	 86	 86	 86	 86	 86	 86
