10	 7	 6	 10	 16	 26	 34	 40
8	 8	 9	 12	 17	 38	 40	 36
9	 8	 10	 16	 26	 38	 46	 37
9	 11	 14	 19	 34	 58	 53	 41
12	 14	 24	 37	 45	 73	 69	 51
16	 23	 36	 42	 54	 69	 75	 61
32	 42	 52	 58	 69	 81	 80	 67
48	 61	 63	 65	 75	 67	 69	 66
11	 12	 16	 31	 66	 66	 66	 66
12	 14	 17	 44	 66	 66	 66	 66
16	 17	 37	 66	 66	 66	 66	 66
31	 44	 66	 66	 66	 66	 66	 66
66	 66	 66	 66	 66	 66	 66	 66
66	 66	 66	 66	 66	 66	 66	 66
66	 66	 66	 66	 66	 66	 66	 66
66	 66	 66	 66	 66	 66	 66	 66
