14	 10	 9	 14	 21	 35	 45	 54
11	 11	 12	 17	 23	 51	 53	 48
12	 11	 14	 21	 35	 50	 61	 49
12	 15	 19	 26	 45	 77	 70	 55
16	 19	 33	 49	 60	 96	 91	 68
21	 31	 48	 56	 71	 92	 99	 81
43	 56	 69	 77	 91	 106	 106	 89
63	 81	 84	 86	 99	 88	 91	 87
15	 16	 21	 41	 87	 87	 87	 87
16	 18	 23	 58	 87	 87	 87	 87
21	 23	 49	 87	 87	 87	 87	 87
41	 58	 87	 87	 87	 87	 87	 87
87	 87	 87	 87	 87	 87	 87	 87
87	 87	 87	 87	 87	 87	 87	 87
87	 87	 87	 87	 87	 87	 87	 87
87	 87	 87	 87	 87	 87	 87	 87
