13	 9	 8	 13	 19	 32	 41	 49
10	 10	 11	 15	 21	 46	 48	 44
11	 10	 13	 19	 32	 46	 55	 45
11	 14	 18	 23	 41	 70	 64	 50
14	 18	 30	 45	 54	 87	 82	 62
19	 28	 44	 51	 65	 83	 90	 74
39	 51	 62	 70	 82	 97	 96	 81
58	 74	 76	 78	 90	 80	 82	 79
14	 14	 19	 38	 79	 79	 79	 79
14	 17	 21	 53	 79	 79	 79	 79
19	 21	 45	 79	 79	 79	 79	 79
38	 53	 79	 79	 79	 79	 79	 79
79	 79	 79	 79	 79	 79	 79	 79
79	 79	 79	 79	 79	 79	 79	 79
79	 79	 79	 79	 79	 79	 79	 79
79	 79	 79	 79	 79	 79	 79	 79
