11	 7	 7	 11	 16	 27	 35	 41
8	 8	 10	 13	 18	 39	 41	 37
10	 9	 11	 16	 27	 39	 47	 38
10	 12	 15	 20	 35	 59	 54	 42
12	 15	 25	 38	 46	 74	 70	 52
16	 24	 37	 44	 55	 71	 77	 63
33	 44	 53	 59	 70	 82	 82	 69
49	 63	 65	 67	 76	 68	 70	 67
12	 12	 16	 32	 67	 67	 67	 67
12	 14	 18	 45	 67	 67	 67	 67
16	 18	 38	 67	 67	 67	 67	 67
32	 45	 67	 67	 67	 67	 67	 67
67	 67	 67	 67	 67	 67	 67	 67
67	 67	 67	 67	 67	 67	 67	 67
67	 67	 67	 67	 67	 67	 67	 67
67	 67	 67	 67	 67	 67	 67	 67
