15	10	9	15	23	38	48	57
11	11	13	18	24	55	56	52
13	12	15	23	38	54	65	53
13	16	21	27	48	82	75	58
17	21	35	53	64	102	97	72
23	33	52	60	76	98	106	86
46	60	73	82	97	114	113	95
68	86	89	92	105	94	97	93
16	17	23	44	93	93	93	93
17	20	24	62	93	93	93	93
23	24	53	93	93	93	93	93
44	62	93	93	93	93	93	93
93	93	93	93	93	93	93	93
93	93	93	93	93	93	93	93
93	93	93	93	93	93	93	93
93	93	93	93	93	93	93	93
