21	14	13	21	31	52	67	80	
16	16	18	25	34	76	79	72	
18	17	21	31	52	75	90	73	
18	22	29	38	67	114	105	81	
24	29	48	73	89	143	135	101	
31	46	72	84	106	136	148	121	
64	84	102	114	135	159	157	132	
94	121	124	128	147	131	135	130	
22	24	31	62	130	130	130	130	
24	28	34	86	130	130	130	130	
31	34	73	130	130	130	130	130	
62	86	130	130	130	130	130	130	
130	130	130	130	130	130	130	130	
130	130	130	130	130	130	130	130	
130	130	130	130	130	130	130	130	
130	130	130	130	130	130	130	130	
